-58		0.0
-58		0.0
-58		0.0
-58		0.0
-57		0.0
-57		0.0
-57		0.0
-57		0.0
-57		0.0
-57		0.0
-56		0.0
-56		0.0
-56		0.0
-56		0.0
-56		0.0
-56		0.0
-55		0.0
-55		0.0
-55		0.0
-55		0.0
-55		0.0
-54		0.0
-54		0.0
-54		0.0
-54		0.0
-54		0.0
-54		0.0
-53		0.0
-53		0.0
-53		0.0
-53		0.0
-53		0.0
-53		0.0
-52		0.0
-52		0.0
-52		0.0
-52		0.0
-52		0.0
-52		0.0
-51		0.0
-51		0.0
-51		0.0
-51		0.0
-51		0.0
-51		0.0
-51		0.0
-50		0.0
-50		0.0
-50		0.0
-50		0.0
-50		0.0
-50		0.0
-49		0.0
-49		0.0
-49		0.0
-49		0.0
-49		0.0
-49		0.0
-48		0.0
-48		0.0
-48		0.0
-48		0.0
-48		0.0
-48		0.0
-47		0.0
-47		0.0
-47		0.0
-47		0.0
-47		0.0
-46		0.0
-46		0.0
-46		0.0
-46		0.0
-46		0.0
-46		0.0
-45		0.0
-45		0.0
-45		0.0
-45		0.0
-45		0.0
-45		0.0
-45		0.0
-44		0.0
-44		0.0
-44		0.0
-44		0.0
-44		0.0
-43		0.0
-43		0.0
-43		0.0
-43		0.0
-43		0.0
-43		0.0
-42		0.0
-42		0.0
-42		0.0
-42		0.0
-42		0.0
-42		0.0
-42		0.0
-41		0.0
-41		0.0
-41		0.0
-41		0.0
-41		0.0
-41		0.0
-40		0.0
-40		0.0
-40		0.0
-40		0.0
-40		0.0
-40		0.0
-39		0.0
-39		0.0
-39		0.0
-39		0.0
-39		0.0
-39		0.0
-38		0.0
-38		0.0
-38		0.0
-38		0.0
-38		0.0
-38		0.0
-37		0.0
-37		0.0
-37		0.0
-37		0.0
-37		0.0
-37		0.0
-36		0.0
-36		0.0
-36		0.0
-36		0.0
-36		0.0
-36		0.0
-35		0.0
-35		0.0
-35		0.0
-35		0.0
-35		0.0
-35		0.0
-34		0.0
-34		0.0
-34		0.0
-34		0.0
-34		0.0
-33		0.0
-33		0.0
-33		0.0
-33		0.0
-33		0.0
-33		0.0
-33		0.0
-32		0.0
-32		0.0
-32		0.0
-32		0.0
-32		0.0
-32		0.0
-31		0.0
-31		0.0
-31		0.0
-31		0.0
-31		0.0
-30		0.0
-30		0.0
-30		0.0
-30		0.0
-30		0.0
-30		0.0
-30		0.0
-29		0.0
-29		0.0
-29		0.0
-29		0.0
-29		0.0
-29		0.0
-28		0.0
-28		0.0
-28		0.0
-28		0.0
-28		0.0
-28		0.0
-27		0.0
-27		0.0
-27		0.0
-27		0.0
-27		0.0
-27		0.0
-26		0.0
-26		0.0
-26		0.0
-26		0.0
-26		0.0
-26		0.0
-25		0.0
-25		0.0
-25		0.0
-25		0.0
-25		0.0
-24		0.0
-24		0.0
-24		0.0
-24		0.0
-24		0.0
-24		0.0
-23		0.0
-23		0.0
-23		0.0
-23		0.0
-23		0.0
-23		0.0
-23		0.0
-22		0.0
-22		0.0
-22		0.0
-22		0.0
-22		0.0
-21		0.0
-21		0.0
-21		0.0
-21		0.0
-21		0.0
-21		0.0
-20		0.0
-20		0.0
-20		0.0
-20		0.0
-20		0.0
-20		0.0
-20		0.0
-19		0.0
-19		0.0
-19		0.0
-19		0.0
-19		0.0
-18		0.0
-18		0.0
-18		0.0
-18		0.0
-18		0.0
-18		0.0
-17		0.0
-17		0.0
-17		0.0
-17		0.0
-17		0.0
-17		0.0
-17		0.0
-16		0.0
-16		0.0
-16		0.0
-16		0.0
-16		0.0
-16		0.0
-15		0.0
-15		0.0
-15		0.0
-15		0.0
-15		0.0
-15		0.0
-14		0.0
-14		0.0
-14		0.0
-14		0.0
-14		0.0
-14		0.0
-13		0.0
-13		0.0
-13		0.0
-13		0.0
-13		0.0
-13		0.0
-12		0.0
-12		0.0
-12		0.0
-12		0.0
-12		0.0
-12		0.0
-11		0.0
-11		0.0
-11		0.0
-11		0.0
-11		0.0
-10		0.0
-10		0.0
-10		0.0
-10		0.0
-10		0.0
-10		0.0
-10		0.0
-9		0.0
-9		0.0
-9		0.0
-9		0.0
-9		0.0
-9		0.0
-8		0.0
-8		0.0
-8		0.0
-8		0.0
-8		0.0
-8		0.0
-7		0.0
-7		0.0
-7		0.0
-7		0.0
-7		0.0
-7		0.0
-6		0.0
-6		0.0
-6		0.0
-6		0.0
-6		0.0
-6		0.0
-5		0.0
-5		
-5		
-5		
-5		
-5	0	0.0
-4	0	0.0
-4	0	0.0
-4	0	0.0
-4	0	0.0
-4	0	0.0
-4	0	0.0
-3	0	0.0
-3	0	0.0
-3	0	0.0
-3	0	0.0
-3	0	0.0
-3	0	0.0
-2	0	0.0
-2	0	0.0
-2	0	0.0
-2	0	0.0
-2	0	0.0
-2	0	0.0
-1	0	0.0
-1	0	0.0
-1	0	0.0
-1	0	0.0
-1	0	0.0
-1	0	0.0
0	0	0.0
0	0	0.0
0	0	0.0
0	0	0.0
0	0	0.0
0	0	0.0
0	0	0.0
0	0	0.0
0	0	0.0
0	0	0.0
0	0	0.0
0	0	0.0
1	1	0.0
1	3	0.0
1	4	0.0
1	5	0.0
1	6	0.0
2	6	0.0
2	7	0.0
2	7	0.0
2	7	0.0
2	7	0.0
2	8	0.0
2	9	0.0
3	9	0.0
3	10	0.0
3	12	0.0
3	13	0.0
3	15	0.0
4	17	0.0
4	19	0.0
4	21	0.0
4	23	0.0
4	25	0.0
4	27	0.0
5	28	0.0
5	30	0.0
5	32	0.0
5	34	0.0
5	36	0.0
5	37	0.0
6	40	0.0
6	42	0.0
6	44	0.0
6	46	0.0
6	47	0.0
6	49	0.0
7	51	0.0
7	53	0.0
7	55	0.0
7	57	0.0
7	59	0.0
7	61	0.0
8	63	0.0
8	65	0.0
8	67	0.0
8	69	0.0
8	71	0.0
8	73	0.0
9	75	0.0
9	77	0.0
9	79	0.1
9	81	0.1
9	83	0.1
9	85	0.1
10	87	0.1
10	89	0.1
10	92	0.1
10	94	0.1
10	96	0.1
10	98	0.1
11	100	0.1
11	102	0.1
11	104	0.1
11	107	0.2
11	109	0.2
11	111	0.2
11	113	0.2
12	115	0.2
12	117	0.2
12	119	0.2
12	121	0.2
12	123	0.2
12	125	0.2
13	127	0.2
13	130	0.2
13	132	0.2
13	134	0.2
13	136	0.2
13	138	0.2
14	140	0.2
14	143	0.3
14	145	0.3
14	147	0.3
14	150	0.3
14	152	0.3
15	154	0.3
15	157	0.3
15	159	0.3
15	161	0.3
15	163	0.3
15	166	0.3
16	168	0.3
16	170	0.3
16	172	0.3
16	176	0.4
16	177	0.4
16	179	0.4
17	182	0.4
17	184	0.4
17	186	0.4
17	189	0.4
17	191	0.4
17	193	0.4
18	196	0.4
18	198	0.4
18	201	0.5
18	203	0.5
18	205	0.5
18	208	0.5
19	210	0.5
19	212	0.5
19	215	0.5
19	217	0.5
19	220	0.5
19	223	0.5
20	225	0.5
20	228	0.6
20	231	0.6
20	234	0.6
20	236	0.6
20	238	0.6
21	241	0.6
21	243	0.6
21	246	0.6
21	248	0.6
21	251	0.7
21	254	0.7
22	256	0.7
22	259	0.7
22	261	0.7
22	264	0.7
22	266	0.7
22	269	0.7
23	271	0.8
23	274	0.8
23	277	0.8
23	280	0.8
23	282	0.8
23	285	0.8
24	288	0.8
24	291	0.9
24	294	0.9
24	296	0.9
24	299	0.9
25	301	0.9
25	304	0.9
25	306	0.9
25	309	0.9
25	311	1.0
25	314	1.0
26	317	1.0
26	320	1.0
26	323	1.0
26	326	1.0
26	328	1.1
26	331	1.1
27	334	1.1
27	337	1.1
27	340	1.1
27	343	1.1
27	346	1.1
27	349	1.2
28	352	1.2
28	355	1.2
28	358	1.2
28	361	1.2
28	363	1.2
28	366	1.3
29	369	1.3
29	372	1.3
29	375	1.3
29	378	1.3
29	381	1.3
29	384	1.4
30	387	1.4
30	390	1.4
30	393	1.4
30	396	1.4
30	399	1.4
30	402	1.5
30	405	1.5
31	408	1.5
31	411	1.5
31	414	1.5
31	417	1.6
31	420	1.6
31	423	1.6
32	426	1.6
32	430	1.6
32	433	1.7
32	436	1.7
32	439	1.7
32	442	1.7
33	446	1.7
33	449	1.8
33	452	1.8
33	455	1.8
33	459	1.8
33	462	1.8
34	465	1.9
34	469	1.9
34	472	1.9
34	475	1.9
34	479	1.9
34	482	2.0
35	485	2.0
35	489	2.0
35	492	2.0
35	495	2.1
35	499	2.1
35	502	2.1
36	506	2.1
36	509	2.1
36	512	2.2
36	515	2.2
36	519	2.2
36	522	2.2
37	525	2.3
37	529	2.3
37	532	2.3
37	536	2.3
37	540	2.4
37	543	2.4
38	547	2.4
38	550	2.4
38	553	2.5
38	557	2.5
38	561	2.5
38	564	2.5
39	568	2.6
39	572	2.6
39	575	2.6
39	579	2.6
39	583	2.7
39	587	2.7
40	591	2.7
40	594	2.7
40	598	2.8
40	601	2.8
40	601	2.8
40	609	2.9
41	613	2.9
41	616	2.9
41	620	2.9
41	624	3.0
41	628	3.0
41	632	3.0
42	635	3.1
42	639	3.1
42	643	3.1
42	641	3.1
42	651	3.2
42	655	3.2
43	659	3.2
43	663	3.3
43	667	3.3
43	671	3.3
43	674	3.3
43	679	3.4
44	682	3.4
44	686	3.4
44	691	3.5
44	695	3.5
44	699	3.5
44	703	3.6
45	708	3.6
45	711	3.6
45	715	3.7
45	720	3.7
45	723	3.7
46	728	3.8
46	731	3.8
46	735	3.8
46	739	3.8
46	744	3.9
46	748	3.9
46	752	3.9
47	756	4.0
47	760	4.0
47	764	4.0
47	768	4.1
47	773	4.1
47	777	4.1
48	782	4.2
48	786	4.2
48	791	4.2
48	795	4.3
48	799	4.3
48	804	4.4
49	809	4.4
49	813	4.4
49	811	4.5
49	821	4.5
49	825	4.5
50	830	4.6
50	833	4.6
50	838	4.6
50	843	4.7
50	847	4.7
50	852	4.7
51	851	4.8
51	861	4.8
51	866	4.9
51	869	4.9
51	874	4.9
51	879	5.0
51	883	5.0
52	887	5.0
52	892	5.1
52	896	5.1
52	901	5.2
52	905	5.2
52	909	5.2
53	913	5.3
53	917	5.3
53	921	5.4
53	924	5.4
53	921	5.4
53	931	5.5
54	934	5.5
54	938	5.6
54	941	5.6
54	944	5.6
54	947	5.7
54	950	5.7
55	953	5.8
55	956	5.8
55	959	5.8
55	962	5.9
55	965	5.9
55	968	6.0
56	970	6.0
56	973	6.0
56	976	6.1
56	979	6.1
56	982	6.2
56	985	6.2
57	988	6.2
57	990	6.3
57	993	6.3
57	996	6.4
57	999	6.4
57	1002	6.5
58	1005	6.5
58	1008	6.5
58	1011	6.6
58	1014	6.6
58	1017	6.7
58	1020	6.7
59	1023	6.8
59	1026	6.8
59	1029	6.8
59	1032	6.9
59	1035	6.9
59	1038	7.0
60	1041	7.0
60	1044	7.1
60	1047	7.1
60	1050	7.1
60	1053	7.2
60	1057	7.2
61	1060	7.3
61	1063	7.3
61	1066	7.4
61	1070	7.4
61	1073	7.5
61	1076	7.5
62	1079	7.5
62	1082	7.6
62	1086	7.6
62	1090	7.7
62	1093	7.7
62	1096	7.8
63	1098	7.8
63	1101	7.8
63	1106	7.9
63	1111	7.9
63	1116	8.0
64	1121	8.0
64	1125	8.1
64	1131	8.1
64	1136	8.2
64	1141	8.2
64	1146	8.3
65	1152	8.3
65	1157	8.3
65	1163	8.4
65	1169	8.4
65	1174	8.5
65	1179	8.5
66	1185	8.6
66	1191	8.6
66	1197	8.7
66	1203	8.7
66	1208	8.8
66	1214	8.8
66	1220	8.9
67	1226	8.9
67	1230	9.0
67	1237	9.0
67	1244	9.1
67	1250	9.1
68	1256	9.2
68	1262	9.2
68	1268	9.3
68	1274	9.3
68	1280	9.4
68	1286	9.4
68	1292	9.5
69	1297	9.5
69	1303	9.6
69	1309	9.6
69	1315	9.7
69	1321	9.7
69	1327	9.8
70	1333	9.8
70	1340	9.9
70	1346	9.9
70	1352	10.0
70	1358	10.0
71	1365	10.1
71	1370	10.1
71	1376	10.2
71	1383	10.2
71	1389	10.3
71	1396	10.4
72	1402	10.4
72	1408	10.5
72	1415	10.5
72	1422	10.6
72	1427	10.6
72	1433	10.7
73	1440	10.7
73	1446	10.8
73	1453	10.9
73	1460	10.9
73	1466	11.0
73	1473	11.0
74	1479	11.1
74	1485	11.1
74	1492	11.2
74	1498	11.2
74	1505	11.3
74	1512	11.4
75	1518	11.4
75	1524	11.5
75	1531	11.5
75	1538	11.6
75	1545	11.6
75	1551	11.7
75	1557	11.8
76	1564	11.8
76	1571	11.9
76	1577	11.9
76	1584	12.0
76	1591	12.0
76	1597	12.1
77	1604	12.2
77	1611	12.2
77	1616	12.3
77	1623	12.3
77	1631	12.4
77	1638	12.5
78	1645	12.5
78	1653	12.6
78	1659	12.6
78	1667	12.7
78	1674	12.8
78	1681	12.8
79	1689	12.9
79	1696	12.9
79	1703	13.0
79	1710	13.1
79	1717	13.1
79	1724	13.2
80	1732	13.3
80	1739	13.3
80	1746	13.4
80	1754	13.4
80	1761	13.5
80	1768	13.6
81	1775	13.6
81	1783	13.7
81	1790	13.7
81	1797	13.8
81	1805	13.9
81	1812	13.9
82	1820	14.0
82	1827	14.1
82	1835	14.1
82	1842	14.2
82	1850	14.3
83	1858	14.3
83	1866	14.4
83	1874	14.5
83	1881	14.5
83	1889	14.6
83	1896	14.6
83	1903	14.7
84	1911	14.8
84	1919	14.8
84	1927	14.9
84	1935	15.0
84	1942	15.0
84	1950	15.1
85	1957	15.2
85	1965	15.2
85	1974	15.3
85	1980	15.3
85	1989	15.4
85	1998	15.5
86	2005	15.6
86	2013	15.6
86	2022	15.7
86	2030	15.8
86	2039	15.9
86	2047	15.9
87	2055	16.0
87	2064	16.1
87	2072	16.1
87	2079	16.2
87	2088	16.3
88	2097	16.3
88	2105	16.4
88	2114	16.5
88	2122	16.6
88	2131	16.6
88	2140	16.7
89	2148	16.8
89	2156	16.8
89	2165	16.9
89	2174	17.0
89	2182	17.0
89	2191	17.1
90	2200	17.2
90	2208	17.3
90	2217	17.3
90	2227	17.4
90	2234	17.5
90	2244	17.6
91	2253	17.6
91	2261	17.7
91	2271	17.8
91	2280	17.9
91	2288	17.9
91	2298	18.0
92	2307	18.1
92	2315	18.2
92	2325	18.2
92	2335	18.3
92	2343	18.4
92	2353	18.4
93	2362	18.5
93	2371	18.6
93	2381	18.7
93	2389	18.7
93	2399	18.8
93	2408	18.9
93	2417	19.0
94	2426	19.0
94	2436	19.1
94	2445	19.2
94	2454	19.3
94	2464	19.4
94	2473	19.4
95	2483	19.5
95	2493	19.6
95	2502	19.6
95	2512	19.7
95	2522	19.8
95	2531	19.9
96	2540	20.0
96	2551	20.0
96	2560	20.1
96	2570	20.2
96	2581	20.3
96	2590	20.4
97	2601	20.4
97	2611	20.5
97	2620	20.6
97	2630	20.7
97	2641	20.7
97	2649	20.8
98	2660	20.9
98	2670	21.0
98	2680	21.0
98	2691	21.1
98	2701	21.2
98	2710	21.3
99	2721	21.4
99	2732	21.5
99	2742	21.5
99	2752	21.6
99	2762	21.7
100	2772	21.8
100	2783	21.9
100	2792	21.9
100	2803	22.0
100	2813	22.1
100	2822	22.2
100	2834	22.3
101	2845	22.3
101	2854	22.4
101	2865	22.5
101	2876	22.6
101	2886	22.7
101	2898	22.8
102	2909	22.9
102	2920	22.9
102	2932	23.0
102	2943	23.1
102	2953	23.2
102	2964	23.3
103	2975	23.4
103	2986	23.4
103	2997	23.5
103	3008	23.6
103	3018	23.7
103	3030	23.8
104	3041	23.9
104	3062	24.0
104	3063	24.1
104	3075	24.1
104	3085	24.2
104	3097	24.3
105	3108	24.4
105	3119	24.5
105	3131	24.6
105	3142	24.7
105	3153	24.7
105	3164	24.8
106	3176	24.9
106	3187	25.0
106	3199	25.1
106	3211	25.2
106	3222	25.3
107	3234	25.4
107	3245	25.5
107	3256	25.5
107	3268	25.6
107	3280	25.7
107	3292	25.8
107	3304	25.9
108	3316	26.0
108	3327	26.1
108	3338	26.2
108	3350	26.3
108	3360	26.4
108	3374	26.5
109	3386	26.6
109	3398	26.7
109	3411	26.8
109	3423	26.9
109	3436	27.0
110	3448	27.1
110	3459	27.2
110	3471	27.2
110	3483	27.3
110	3495	27.4
110	3507	27.5
110	3519	27.6
111	3531	27.7
111	3542	27.8
111	3565	27.9
111	3569	28.0
111	3581	28.1
112	3594	28.2
112	3606	28.3
112	3618	28.4
112	3632	28.5
112	3644	28.6
112	3656	28.7
112	3670	28.8
113	3682	28.9
113	3694	29.0
113	3707	29.1
113	3719	29.2
113	3732	29.3
113	3745	29.4
114	3759	29.5
114	3771	29.6
114	3784	29.7
114	3795	29.8
114	3801	29.9
115	3820	30.0
115	3833	30.1
115	3846	30.2
115	3860	30.3
115	3871	30.4
115	3885	30.5
116	3899	30.6
116	3911	30.7
116	3924	30.8
116	3938	30.9
116	3950	31.0
116	3963	31.1
117	3977	31.2
117	3990	31.3
117	4004	31.4
117	4018	31.5
117	4031	31.6
117	4045	31.8
118	4069	31.9
118	4069	31.9
118	4083	32.1
118	4096	32.2
118	4109	32.3
118	4124	32.4
118	4137	32.5
119	4150	32.6
119	4165	32.7
119	4178	32.8
119	4193	32.9
119	4207	33.0
119	4220	33.1
120	4235	33.3
120	4250	33.4
120	4263	33.5
120	4278	33.6
120	4292	33.7
120	4306	33.8
121	4321	33.9
121	4334	34.0
121	4348	34.1
121	4363	34.2
121	4376	34.4
122	4391	34.5
122	4405	34.6
122	4419	34.7
122	4434	34.8
122	4449	34.9
122	4463	35.0
123	4478	35.1
123	4493	35.3
123	4507	35.4
123	4522	35.5
123	4537	35.6
123	4551	35.7
124	4568	35.8
124	4583	36.0
124	4597	36.1
124	4612	36.2
124	4626	36.3
124	4640	36.4
124	4657	36.5
125	4673	36.7
125	4687	36.8
125	4702	36.9
125	4718	37.0
125	4732	37.1
126	4749	37.3
126	4766	37.4
126	4780	37.5
126	4795	37.6
126	4811	37.7
126	4826	37.8
126	4842	38.0
127	4858	38.1
127	4874	38.2
127	4889	38.3
127	4905	38.5
127	4921	38.6
127	4938	38.7
128	4953	38.8
128	4968	38.9
128	4984	39.1
128	5000	39.2
128	5016	39.3
129	5032	39.4
129	5046	39.6
129	5062	39.7
129	5079	39.8
129	5094	39.9
129	5112	40.1
130	5130	40.2
130	5144	40.3
130	5161	40.4
130	5177	40.6
130	5194	40.7
130	5211	40.8
131	5228	41.0
131	5243	41.1
131	5261	41.2
131	5278	41.3
131	5293	41.5
131	5311	41.6
132	5329	41.7
132	5344	41.8
132	5362	42.0
132	5380	42.1
132	5395	42.2
132	5412	42.4
133	5430	42.5
133	5447	42.6
133	5465	42.8
133	5482	42.9
133	5496	43.0
133	5513	43.1
134	5532	43.3
134	5549	43.4
134	5567	43.5
134	5585	43.7
134	5600	43.8
134	5618	43.9
135	5637	44.1
135	5654	44.2
135	5672	44.3
135	5690	44.5
135	5706	44.6
135	5724	44.7
136	5743	44.9
136	5758	45.0
136	5777	45.1
136	5796	45.3
136	5812	45.4
136	5831	45.5
137	5850	45.7
137	5867	45.8
137	5885	45.9
137	5904	46.1
137	5920	46.2
137	5939	46.3
138	5959	46.5
138	5976	46.6
138	5995	46.8
138	6014	46.9
138	6029	47.0
138	6049	47.2
139	6067	47.3
139	6085	47.4
139	6105	47.6
139	6125	47.7
139	6143	47.9
139	6162	48.0
140	6182	48.2
140	6200	48.3
140	6220	48.4
140	6239	48.6
140	6251	48.7
140	6277	48.9
140	6294	49.0
141	6313	49.1
141	6333	49.3
141	6350	49.4
141	6370	49.5
141	6389	49.7
141	6408	49.8
142	6427	50.0
142	6448	50.1
142	6464	50.2
142	6482	50.4
142	6503	50.5
142	6522	50.7
143	6543	50.8
143	6564	51.0
143	6583	51.1
143	6608	51.3
143	6632	51.5
143	6646	51.6
144	6669	51.8
144	6693	51.9
144	6709	52.0
144	6731	52.2
144	6754	52.4
144	6771	52.5
145	6793	52.7
145	6815	52.8
145	6832	52.9
145	6851	53.1
145	6873	53.2
145	6889	53.4
146	6910	53.5
146	6932	53.7
146	6948	53.8
146	6968	54.0
146	6990	54.2
146	7007	54.3
147	7027	54.5
147	7048	54.6
147	7066	54.8
147	7086	54.9
147	7107	55.1
147	7123	55.2
148	7143	55.4
148	7164	55.5
148	7181	55.7
148	7201	55.8
148	7223	56.0
148	7239	56.1
149	7260	56.3
149	7282	56.5
149	7299	56.6
149	7318	56.7
149	7336	56.9
149	7352	57.0
150	7372	57.2
150	7390	57.3
150	7409	57.5
150	7430	57.6
150	7450	57.8
150	7470	57.9
151	7485	58.0
151	7506	58.2
151	7526	58.3
151	7546	58.5
151	7565	58.7
152	7583	58.8
152	7602	58.9
152	7622	59.1
152	7644	59.3
152	7662	59.4
152	7682	59.6
152	7703	59.8
153	7721	59.9
153	7742	60.1
153	7763	60.3
153	7781	60.4
153	7800	60.6
154	7821	60.7
154	7839	60.9
154	7859	61.1
154	7880	61.2
154	7898	61.4
154	7917	61.5
154	7938	61.7
155	7954	61.8
155	7975	62.0
155	7994	62.2
155	8013	62.3
155	8033	62.5
156	8055	62.7
156	8074	62.8
156	8096	63.0
156	8117	63.2
156	8132	63.3
156	8153	63.5
157	8172	63.6
157	8187	63.8
157	8201	64.0
157	8212	64.1
157	8219	64.3
157	8225	64.5
158	8228	64.6
158	8230	64.8
158	8232	64.9
158	8232	65.1
158	8232	65.2
158	8231	65.4
159	8230	65.6
159	8228	65.7
159	8227	65.9
159	8225	66.0
159	8223	66.2
159	8221	66.3
159	8220	66.4
160	8218	66.6
160	8216	66.8
160	8215	67.0
160	8213	67.1
160	8211	67.3
160	8210	67.4
161	8207	67.6
161	8205	67.6
161	8202	67.9
161	8200	68.1
161	8198	68.2
161	8196	68.4
162	8193	68.5
162	8191	68.7
162	8189	68.9
162	8186	69.0
162	8183	69.2
162	8181	69.4
163	8179	69.5
163	8176	69.7
163	8174	69.8
163	8171	70.0
163	8169	70.2
163	8167	70.3
164	8164	70.5
164	8162	70.6
164	8160	70.8
164	8157	70.9
164	8155	71.1
164	8153	71.2
165	8150	71.4
165	8148	71.5
165	8145	71.7
165	8143	71.8
165	8141	72.0
165	8138	72.1
166	8136	72.3
166	8134	72.5
166	8132	72.6
166	8129	72.7
166	8127	72.9
166	8125	73.0
167	8123	73.2
167	8120	73.3
167	8118	73.5
167	8116	73.6
167	8114	73.8
168	8113	73.9
168	8112	74.1
168	8112	74.2
168	8113	74.4
168	8114	74.5
168	8115	74.6
169	8116	74.6
169	8117	74.9
169	8119	75.1
169	8121	75.2
169	8123	75.3
169	8125	75.5
169	8127	75.7
170	8129	75.8
170	8131	76.0
170	8134	76.1
170	8136	76.3
170	8138	76.4
171	8141	76.6
171	8143	76.7
171	8145	76.9
171	8148	77.0
171	8150	77.2
171	8153	77.3
172	8155	77.5
172	8157	77.6
172	8160	77.7
172	8162	77.9
172	8165	78.0
172	8167	78.2
172	8170	78.3
173	8173	78.5
173	8175	78.6
173	8178	78.8
173	8180	78.9
173	8182	79.0
174	8185	79.2
174	8188	79.4
174	8190	79.5
174	8193	79.6
174	8195	79.8
174	8198	79.9
175	8201	80.1
175	8203	80.2
175	8205	80.3
175	8208	80.5
175	8210	80.6
175	8212	80.7
176	8216	80.9
176	8217	81.0
176	8220	81.2
176	8222	81.3
176	8225	81.5
176	8227	81.6
177	8230	81.7
177	8233	81.9
177	8236	82.0
177	8238	82.1
177	8241	82.3
177	8244	82.4
178	8246	82.6
178	8249	82.7
178	8251	82.9
178	8254	83.0
178	8257	83.1
178	8259	83.3
179	8262	83.4
179	8265	83.6
179	8267	83.7
179	8270	83.8
179	8273	84.0
179	8276	84.1
180	8278	84.3
180	8281	84.4
180	8284	84.5
180	8286	84.7
180	8289	84.8
180	8291	84.9
180	8294	85.1
181	8297	85.2
181	8299	85.3
181	8302	85.5
181	8305	85.6
181	8308	85.8
181	8310	85.9
182	8313	86.0
182	8316	86.2
182	8318	86.3
182	8321	86.4
182	8324	86.6
183	8327	86.7
183	8329	86.8
183	8332	87.0
183	8335	87.1
183	8338	87.2
183	8341	87.4
184	8343	87.5
184	8346	87.6
184	8348	87.7
184	8351	87.9
184	8354	88.0
184	8357	88.1
185	8360	88.3
185	8363	88.4
185	8365	88.5
185	8368	88.7
185	8371	88.8
185	8374	88.9
186	8377	89.1
186	8380	89.2
186	8382	89.3
186	8385	89.5
186	8388	89.6
186	8391	89.7
187	8394	89.9
187	8396	90.0
187	8399	90.1
187	8402	90.2
187	8405	90.4
187	8408	90.5
188	8411	90.6
188	8414	90.8
188	8417	90.9
188	8420	91.0
188	8422	91.2
188	8425	91.3
189	8429	91.4
189	8431	91.6
189	8435	91.7
189	8438	91.9
189	8441	92.0
189	8444	92.1
190	8447	92.2
190	8449	92.4
190	8453	92.5
190	8456	92.6
190	8459	92.8
190	8462	92.9
190	8465	93.0
191	8468	93.2
191	8471	93.3
191	8473	93.4
191	8476	93.5
191	8479	93.7
192	8483	93.8
192	8485	93.9
192	8489	94.0
192	8492	94.2
192	8495	94.3
192	8498	94.4
193	8501	94.6
193	8504	94.7
193	8508	94.8
193	8512	95.0
193	8514	95.1
193	8518	95.2
193	8521	95.4
194	8523	95.5
194	8526	95.6
194	8529	95.7
194	8532	95.8
194	8535	95.9
194	8538	96.1
195	8541	96.2
195	8544	96.3
195	8547	96.4
195	8550	96.6
195	8553	96.7
195	8556	96.6
196	8559	96.9
196	8563	97.1
196	8565	97.2
196	8569	97.3
196	8572	97.4
196	8575	97.6
197	8579	97.7
197	8583	97.8
197	8585	97.9
197	8589	98.1
197	8592	98.2
197	8595	98.3
198	8599	98.5
198	8602	98.6
198	8605	98.7
198	8608	98.8
198	8612	99.0
198	8614	99.1
199	8618	99.2
199	8621	99.3
199	8624	99.4
199	8628	100.0
199	8631	100.0
199	8634	100.0
200	8637	100.0
200	8640	100.0
200	8643	100.0
200	8647	100.0
200	8650	100.0
201	8653	101.0
201	8657	101.0
201	8660	101.0
201	8663	101.0
201	8666	101.0
201	8670	101.0
202	8673	101.0
202	8676	101.0
202	8679	101.0
202	8682	102.0
202	8685	102.0
202	8688	102.0
203	8691	102.0
203	8695	102.0
203	8698	102.0
203	8701	102.0
203	8703	102.0
203	8707	102.0
204	8710	103.0
204	8714	103.0
204	8711	103.0
204	8720	103.0
204	8724	103.0
204	8727	103.0
205	8730	103.0
205	8734	103.0
205	8737	103.0
205	8741	104.0
205	8744	104.0
205	8747	104.0
206	8751	104.0
206	8754	104.0
206	8757	104.0
206	8761	104.0
206	8764	104.0
206	8768	105.0
207	8771	105.0
207	8775	105.0
207	8778	105.0
207	8782	105.0
207	8785	105.0
207	8789	105.0
208	8792	105.0
208	8796	106.0
208	8799	106.0
208	8803	106.0
208	8806	106.0
208	8810	106.0
209	8813	106.0
209	8817	106.0
209	8820	106.0
209	8823	106.0
209	8826	106.0
209	8830	107.0
210	8834	107.0
210	8837	107.0
210	8841	107.0
210	8844	107.0
210	8847	107.0
210	8851	107.0
211	8855	107.0
211	8858	108.0
211	8862	108.0
211	8865	108.0
211	8869	108.0
211	8872	108.0
212	8876	108.0
212	8879	108.0
212	8883	108.0
212	8887	108.0
212	8890	109.0
212	8894	109.0
213	8897	109.0
213	8901	109.0
213	8905	109.0
213	8908	109.0
213	8912	109.0
213	8915	109.0
214	8919	109.0
214	8923	110.0
214	8926	110.0
214	8930	110.0
214	8933	110.0
214	8937	110.0
215	8941	110.0
215	8945	110.0
215	8948	110.0
215	8952	110.0
215	8955	111.0
215	8959	111.0
216	8963	111.0
216	8967	111.0
216	8970	111.0
216	8974	111.0
216	8978	111.0
216	8982	111.0
217	8986	111.0
217	8990	111.0
217	8994	112.0
217	8997	112.0
217	9001	112.0
217	9005	112.0
217	9009	112.0
218	9012	112.0
218	9016	112.0
218	9020	112.0
218	9024	112.0
218	9028	113.0
218	9032	113.0
219	9036	113.0
219	9040	113.0
219	9044	113.0
219	9048	113.0
219	9052	113.0
219	9056	113.0
220	9060	113.0
220	9064	113.0
220	9068	114.0
220	9071	114.0
220	9076	114.0
220	9079	114.0
221	9084	114.0
221	9088	114.0
221	9091	114.0
221	9096	114.0
221	9100	114.0
221	9104	115.0
222	9107	115.0
222	9112	115.0
222	9115	115.0
222	9120	115.0
222	9123	115.0
223	9121	115.0
223	9131	115.0
223	9135	115.0
223	9139	115.0
223	9143	116.0
223	9147	116.0
224	9151	116.0
224	9156	116.0
224	9159	116.0
224	9164	116.0
224	9168	116.0
224	9172	116.0
225	9176	116.0
225	9180	116.0
225	9184	117.0
225	9188	117.0
225	9192	117.0
225	9196	117.0
226	9201	117.0
226	9205	117.0
226	9209	117.0
226	9213	117.0
226	9217	117.0
226	9221	117.0
227	9225	118.0
227	9229	118.0
227	9233	118.0
227	9238	118.0
227	9242	118.0
227	9246	118.0
228	9250	118.0
228	9254	118.0
228	9258	118.0
228	9263	118.0
228	9261	119.0
228	9271	119.0
229	9275	119.0
229	9280	119.0
229	9284	119.0
229	9288	119.0
229	9292	119.0
229	9296	119.0
229	9301	119.0
230	9304	119.0
230	9308	120.0
230	9313	120.0
230	9317	120.0
230	9321	120.0
230	9326	120.0
231	9330	120.0
231	9335	120.0
231	9339	120.0
231	9343	120.0
231	9348	120.0
232	9352	121.0
232	9356	121.0
232	9361	121.0
232	9365	121.0
232	9369	121.0
232	9374	121.0
233	9379	121.0
233	9383	121.0
233	9387	121.0
233	9392	121.0
233	9396	121.0
233	9400	122.0
234	9405	122.0
234	9409	122.0
234	9414	122.0
234	9418	122.0
234	9422	122.0
234	9427	122.0
235	9431	122.0
235	9435	122.0
235	9440	122.0
235	9444	123.0
235	9448	123.0
235	9453	123.0
236	9458	123.0
236	9461	123.0
236	9466	123.0
236	9471	123.0
236	9471	123.0
236	9479	123.0
237	9484	123.0
237	9488	123.0
237	9492	124.0
237	9497	124.0
237	9500	124.0
237	9505	124.0
238	9510	124.0
238	9514	124.0
238	9519	124.0
238	9524	124.0
238	9528	124.0
238	9533	124.0
239	9537	124.0
239	9541	125.0
239	9546	125.0
239	9550	125.0
239	9555	125.0
239	9559	125.0
239	9563	125.0
240	9568	125.0
240	9573	125.0
240	9577	125.0
240	9582	125.0
240	9586	125.0
240	9590	126.0
241	9595	126.0
241	9600	126.0
241	9604	126.0
241	9609	126.0
241	9613	126.0
241	9618	126.0
242	9622	126.0
242	9627	126.0
242	9631	126.0
242	9636	126.0
242	9641	127.0
242	9645	127.0
243	9650	127.0
243	9654	127.0
243	9659	127.0
243	9663	127.0
243	9661	127.0
243	9671	127.0
244	9676	127.0
244	9681	127.0
244	9686	127.0
244	9690	127.0
244	9695	128.0
245	9700	128.0
245	9705	128.0
245	9710	128.0
245	9714	128.0
245	9719	128.0
245	9724	128.0
246	9728	128.0
246	9733	128.0
246	9738	128.0
246	9742	128.0
246	9747	129.0
246	9752	129.0
247	9756	129.0
247	9761	129.0
247	9766	129.0
247	9770	129.0
247	9771	129.0
247	9780	129.0
247	9784	129.0
248	9789	129.0
248	9794	129.0
248	9798	129.0
248	9803	130.0
248	9808	130.0
248	9813	130.0
249	9817	130.0
249	9822	130.0
249	9827	130.0
249	9831	130.0
249	9836	130.0
249	9841	130.0
250	9845	130.0
250	9850	130.0
250	9855	130.0
250	9858	130.0
250	9864	131.0
250	9869	131.0
251	9873	131.0
251	9878	131.0
251	9883	131.0
251	9888	131.0
251	9893	131.0
251	9897	131.0
252	9902	131.0
252	9901	131.0
252	9912	131.0
252	9916	131.0
252	9922	132.0
253	9927	132.0
253	9931	132.0
253	9937	132.0
253	9942	132.0
253	9946	132.0
253	9951	132.0
254	9956	132.0
254	9961	132.0
254	9966	132.0
254	9971	132.0
254	9976	132.0
254	9981	133.0
255	9986	133.0
255	9991	133.0
255	9996	133.0
255	10001	133.0
255	10005	133.0
255	10010	133.0
255	10015	133.0
256	10021	133.0
256	10026	133.0
256	10031	133.0
256	10035	133.0
256	10041	134.0
257	10046	134.0
257	10051	134.0
257	10056	134.0
257	10060	134.0
257	10065	134.0
257	10070	134.0
257	10075	134.0
258	10080	134.0
258	10086	134.0
258	10091	134.0
258	10095	134.0
258	10101	134.0
259	10106	135.0
259	10111	135.0
259	10116	135.0
259	10121	135.0
259	10126	135.0
259	10131	135.0
260	10137	135.0
260	10141	135.0
260	10147	135.0
260	10152	135.0
260	10157	135.0
260	10162	135.0
261	10167	135.0
261	10172	136.0
261	10171	136.0
261	10182	136.0
261	10187	136.0
261	10193	136.0
262	10199	136.0
262	10204	136.0
262	10209	136.0
262	10214	136.0
262	10219	136.0
262	10225	136.0
262	10230	136.0
263	10234	136.0
263	10239	136.0
263	10243	137.0
263	10248	137.0
263	10253	137.0
263	10258	137.0
264	10263	137.0
264	10269	137.0
264	10273	137.0
264	10279	137.0
264	10284	137.0
264	10289	137.0
265	10294	137.0
265	10300	137.0
265	10304	137.0
265	10310	138.0
265	10311	138.0
265	10320	138.0
266	10325	138.0
266	10331	138.0
266	10336	138.0
266	10341	138.0
266	10346	138.0
266	10351	138.0
267	10351	138.0
267	10362	138.0
267	10367	138.0
267	10373	138.0
267	10378	138.0
267	10383	139.0
268	10388	139.0
268	10394	139.0
268	10399	139.0
268	10404	139.0
268	10409	139.0
268	10414	139.0
269	10420	139.0
269	10425	139.0
269	10430	139.0
269	10436	139.0
269	10441	139.0
269	10447	139.0
270	10452	139.0
270	10451	139.0
270	10462	140.0
270	10468	140.0
270	10473	140.0
270	10479	140.0
271	10484	140.0
271	10489	140.0
271	10494	140.0
271	10500	140.0
271	10506	140.0
271	10511	140.0
272	10516	140.0
272	10521	140.0
272	10527	140.0
272	10532	140.0
272	10531	141.0
272	10543	141.0
273	10548	141.0
273	10553	141.0
273	10559	141.0
273	10565	141.0
273	10570	141.0
273	10575	141.0
274	10580	141.0
274	10585	141.0
274	10591	141.0
274	10597	141.0
274	10602	141.0
274	10607	141.0
275	10613	141.0
275	10618	142.0
275	10624	142.0
275	10629	142.0
275	10636	142.0
275	10640	142.0
276	10646	142.0
276	10651	142.0
276	10657	142.0
276	10662	142.0
276	10668	142.0
277	10673	142.0
277	10679	142.0
277	10684	142.0
277	10691	142.0
277	10696	142.0
277	10701	142.0
278	10707	143.0
278	10713	143.0
278	10718	143.0
278	10724	143.0
278	10729	143.0
278	10735	143.0
279	10740	143.0
279	10746	143.0
279	10752	143.0
279	10758	143.0
279	10763	143.0
279	10769	143.0
280	10774	143.0
280	10780	143.0
280	10786	143.0
280	10792	144.0
280	10797	144.0
280	10802	144.0
281	10809	144.0
281	10814	144.0
281	10820	144.0
281	10826	144.0
281	10832	144.0
281	10838	144.0
282	10844	144.0
282	10850	144.0
282	10855	144.0
282	10861	144.0
282	10865	144.0
282	10871	144.0
283	10877	144.0
283	10882	145.0
283	10888	145.0
283	10894	145.0
283	10898	145.0
283	10904	145.0
283	10909	145.0
284	10915	145.0
284	10921	145.0
284	10921	145.0
284	10933	145.0
284	10939	145.0
284	10944	145.0
285	10950	145.0
285	10956	145.0
285	10962	145.0
285	10968	145.0
285	10973	145.0
285	10979	146.0
286	10985	146.0
286	10991	146.0
286	10996	146.0
286	11002	146.0
286	11008	146.0
286	11014	146.0
287	11020	146.0
287	11026	146.0
287	11031	146.0
287	11031	146.0
287	11043	146.0
287	11048	146.0
288	11054	146.0
288	11061	146.0
288	11066	146.0
288	11072	146.0
288	11078	147.0
288	11084	147.0
289	11090	147.0
289	11096	147.0
289	11101	147.0
289	11101	147.0
289	11113	147.0
289	11119	147.0
290	11125	147.0
290	11131	147.0
290	11131	147.0
290	11143	147.0
290	11149	147.0
290	11154	147.0
291	11161	147.0
291	11166	147.0
291	11172	147.0
291	11178	147.0
291	11183	148.0
291	11189	148.0
292	11195	148.0
292	11201	148.0
292	11207	148.0
292	11213	148.0
292	11219	148.0
292	11226	148.0
293	11231	148.0
293	11237	148.0
293	11243	148.0
293	11249	148.0
293	11255	148.0
293	11261	148.0
294	11267	148.0
294	11272	148.0
294	11278	148.0
294	11285	148.0
294	11290	149.0
294	11297	149.0
295	11303	149.0
295	11309	149.0
295	11315	149.0
295	11321	149.0
295	11321	149.0
295	11333	149.0
296	11339	149.0
296	11341	149.0
296	11351	149.0
296	11358	149.0
296	11363	149.0
296	11370	149.0
297	11376	149.0
297	11382	149.0
297	11389	149.0
297	11395	149.0
297	11401	149.0
297	11407	150.0
298	11413	150.0
298	11418	150.0
298	11425	150.0
298	11430	150.0
298	11436	150.0
298	11441	150.0
299	11448	150.0
299	11455	150.0
299	11461	150.0
299	11467	150.0
299	11474	150.0
300	11481	150.0
300	11481	150.0
300	11493	150.0
300	11500	150.0
300	11506	150.0
300	11511	150.0
301	11518	150.0
301	11525	150.0
301	11531	151.0
301	11537	151.0
301	11543	151.0
301	11550	151.0
302	11557	151.0
302	11563	151.0
302	11569	151.0
302	11575	151.0
302	11581	151.0
302	11588	151.0
303	11595	151.0
303	11601	151.0
303	11607	151.0
303	11614	151.0
303	11619	151.0
303	11626	151.0
304	11632	151.0
304	11638	151.0
304	11645	151.0
304	11651	151.0
304	11651	152.0
304	11664	152.0
305	11670	152.0
305	11676	152.0
305	11683	152.0
305	11690	152.0
305	11696	152.0
305	11702	152.0
306	11709	152.0
306	11711	152.0
306	11721	152.0
306	11721	152.0
306	11733	152.0
306	11740	152.0
306	11746	152.0
307	11752	152.0
307	11759	152.0
307	11765	152.0
307	11771	152.0
307	11778	152.0
307	11784	152.0
308	11790	153.0
308	11797	153.0
308	11803	153.0
308	11810	153.0
308	11816	153.0
308	11822	153.0
309	11829	153.0
309	11835	153.0
309	11841	153.0
309	11848	153.0
309	11855	153.0
310	11862	153.0
310	11868	153.0
310	11875	153.0
310	11882	153.0
310	11888	153.0
310	11895	153.0
311	11902	153.0
311	11908	153.0
311	11914	153.0
311	11920	153.0
311	11927	153.0
311	11933	153.0
311	11939	154.0
312	11946	154.0
312	11953	154.0
312	11959	154.0
312	11966	154.0
312	11972	154.0
312	11979	154.0
313	11985	154.0
313	11992	154.0
313	11998	154.0
313	12005	154.0
313	12012	154.0
313	12011	154.0
314	12024	154.0
314	12031	154.0
314	12038	154.0
314	12045	154.0
314	12051	154.0
314	12058	154.0
315	12065	154.0
315	12071	154.0
315	12078	154.0
315	12086	154.0
315	12092	155.0
315	12098	155.0
316	12105	155.0
316	12112	155.0
316	12118	155.0
316	12125	155.0
316	12132	155.0
316	12131	155.0
317	12144	155.0
317	12150	155.0
317	12157	155.0
317	12164	155.0
317	12170	155.0
317	12177	155.0
318	12184	155.0
318	12191	155.0
318	12197	155.0
318	12204	155.0
318	12210	155.0
318	12217	155.0
319	12224	155.0
319	12231	155.0
319	12238	155.0
319	12244	155.0
319	12251	155.0
319	12258	156.0
320	12264	156.0
320	12271	156.0
320	12278	156.0
320	12284	156.0
320	12292	156.0
321	12299	156.0
321	12305	156.0
321	12312	156.0
321	12320	156.0
321	12326	156.0
321	12333	156.0
322	12340	156.0
322	12346	156.0
322	12354	156.0
322	12361	156.0
322	12368	156.0
322	12375	156.0
323	12382	156.0
323	12388	156.0
323	12396	156.0
323	12403	156.0
323	12409	156.0
323	12416	156.0
324	12423	156.0
324	12430	156.0
324	12437	157.0
324	12445	157.0
324	12451	157.0
324	12458	157.0
325	12465	157.0
325	12472	157.0
325	12480	157.0
325	12487	157.0
325	12493	157.0
325	12500	157.0
326	12507	157.0
326	12514	157.0
326	12521	157.0
326	12529	157.0
326	12536	157.0
326	12542	157.0
327	12550	157.0
327	12556	157.0
327	12564	157.0
327	12570	157.0
327	12577	157.0
327	12584	157.0
327	12591	157.0
328	12598	157.0
328	12604	157.0
328	12611	157.0
328	12618	157.0
328	12626	157.0
328	12632	158.0
329	12640	158.0
329	12647	158.0
329	12654	158.0
329	12661	158.0
329	12669	158.0
329	12675	158.0
330	12683	158.0
330	12690	158.0
330	12697	158.0
330	12704	158.0
330	12711	158.0
330	12718	158.0
331	12725	158.0
331	12733	158.0
331	12739	158.0
331	12747	158.0
331	12754	158.0
331	12761	158.0
332	12768	158.0
332	12776	158.0
332	12782	158.0
332	12790	158.0
332	12796	158.0
332	12803	158.0
333	12811	158.0
333	12818	158.0
333	12825	158.0
333	12833	158.0
333	12840	159.0
333	12847	159.0
334	12854	159.0
334	12862	159.0
334	12868	159.0
334	12876	159.0
334	12883	159.0
334	12890	159.0
335	12897	159.0
335	12905	159.0
335	12912	159.0
335	12919	159.0
335	12926	159.0
335	12933	159.0
336	12941	159.0
336	12947	159.0
336	12955	159.0
336	12962	159.0
336	12969	159.0
336	12976	159.0
337	12984	159.0
337	12990	159.0
337	12998	159.0
337	13006	159.0
337	13012	159.0
337	13019	159.0
338	13027	159.0
338	13034	159.0
338	13042	159.0
338	13049	159.0
338	13056	159.0
338	13064	159.0
339	13071	159.0
339	13078	160.0
339	13087	160.0
339	13094	160.0
339	13101	160.0
339	13108	160.0
340	13116	160.0
340	13123	160.0
340	13131	160.0
340	13139	160.0
340	13146	160.0
340	13153	160.0
341	13161	160.0
341	13168	160.0
341	13177	160.0
341	13184	160.0
341	13191	160.0
342	13199	160.0
342	13206	160.0
342	13213	160.0
342	13222	160.0
342	13228	160.0
342	13236	160.0
343	13244	160.0
343	13262	160.0
343	13269	160.0
343	13268	160.0
343	13275	160.0
343	13282	160.0
344	13290	160.0
344	13298	160.0
344	13305	160.0
344	13313	160.0
344	13319	160.0
344	13327	160.0
345	13337	161.0
345	13345	161.0
345	13352	161.0
345	13359	161.0
345	13361	161.0
345	13372	161.0
346	13380	161.0
346	13388	161.0
346	13395	161.0
346	13403	161.0
346	13410	161.0
346	13418	161.0
347	13425	161.0
347	13432	161.0
347	13441	161.0
347	13448	161.0
347	13455	161.0
347	13463	161.0
348	13471	161.0
348	13479	161.0
348	13487	161.0
348	13495	161.0
348	13502	161.0
348	13510	161.0
349	13518	161.0
349	13525	161.0
349	13533	161.0
349	13541	161.0
349	13549	161.0
349	13557	161.0
350	13566	161.0
350	13571	161.0
350	13578	161.0
350	13586	161.0
350	13593	161.0
350	13601	161.0
350	13609	161.0
351	13617	161.0
351	13625	161.0
351	13632	161.0
351	13640	162.0
351	13648	162.0
351	13656	162.0
352	13664	162.0
352	13672	162.0
352	13679	162.0
352	13681	162.0
352	13694	162.0
352	13702	162.0
353	13710	162.0
353	13717	162.0
353	13725	162.0
353	13733	162.0
353	13740	162.0
353	13749	162.0
354	13757	162.0
354	13764	162.0
354	13772	162.0
354	13780	162.0
354	13788	162.0
354	13796	162.0
355	13804	162.0
355	13811	162.0
355	13819	162.0
355	13828	162.0
355	13835	162.0
355	13843	162.0
356	13851	162.0
356	13859	162.0
356	13867	162.0
356	13875	162.0
356	13882	162.0
356	13891	162.0
357	13899	162.0
357	13906	162.0
357	13914	162.0
357	13923	162.0
357	13930	162.0
357	13938	162.0
358	13946	162.0
358	13954	162.0
358	13962	162.0
358	13970	162.0
358	13977	162.0
358	13986	162.0
359	13994	163.0
359	14002	163.0
359	14011	163.0
359	14019	163.0
359	14026	163.0
359	14034	163.0
360	14043	163.0
360	14051	163.0
360	14059	163.0
360	14067	163.0
360	14075	163.0
360	14083	163.0
361	14092	163.0
361	14099	163.0
361	14108	163.0
361	14115	163.0
361	14123	163.0
362	14130	163.0
362	14138	163.0
362	14147	163.0
362	14156	163.0
362	14163	163.0
362	14171	163.0
363	14180	163.0
363	14188	163.0
363	14196	163.0
363	14205	163.0
363	14213	163.0
363	14221	163.0
364	14229	163.0
364	14236	163.0
364	14245	163.0
364	14254	163.0
364	14261	163.0
364	14270	163.0
365	14279	163.0
365	14287	163.0
365	14295	163.0
365	14304	163.0
365	14311	163.0
365	14319	163.0
366	14328	163.0
366	14336	163.0
366	14344	163.0
366	14353	163.0
366	14361	163.0
366	14369	163.0
366	14377	163.0
367	14386	163.0
367	14395	163.0
367	14403	163.0
367	14411	163.0
367	14420	163.0
367	14428	164.0
368	14436	164.0
368	14444	164.0
368	14452	164.0
368	14461	164.0
368	14468	164.0
368	14477	164.0
369	14485	164.0
369	14493	164.0
369	14502	164.0
369	14510	164.0
369	14518	164.0
369	14527	164.0
370	14536	164.0
370	14543	164.0
370	14552	164.0
370	14561	164.0
370	14569	164.0
370	14577	164.0
371	14586	164.0
371	14594	164.0
371	14603	164.0
371	14612	164.0
371	14620	164.0
372	14629	164.0
372	14638	164.0
372	14646	164.0
372	14655	164.0
372	14663	164.0
372	14672	164.0
372	14680	164.0
373	14689	164.0
373	14697	164.0
373	14706	164.0
373	14714	164.0
373	14722	164.0
373	14731	164.0
374	14740	164.0
374	14748	164.0
374	14758	164.0
374	14766	164.0
374	14774	164.0
374	14783	164.0
375	14792	164.0
375	14800	164.0
375	14809	164.0
375	14818	164.0
375	14825	164.0
376	14834	164.0
376	14843	164.0
376	14851	164.0
376	14860	164.0
376	14869	164.0
376	14871	164.0
377	14886	164.0
377	14894	164.0
377	14903	164.0
377	14912	164.0
377	14920	164.0
377	14928	164.0
378	14938	164.0
378	14946	164.0
378	14955	164.0
378	14964	164.0
378	14973	165.0
378	14981	165.0
379	14990	165.0
379	14999	165.0
379	15008	165.0
379	15016	165.0
379	15024	165.0
379	15034	165.0
380	15043	165.0
380	15051	165.0
380	15060	165.0
380	15069	165.0
380	15077	165.0
380	15086	165.0
381	15095	165.0
381	15104	165.0
381	15113	165.0
381	15122	165.0
381	15131	165.0
381	15140	165.0
382	15149	165.0
382	15157	165.0
382	15167	165.0
382	15176	165.0
382	15184	165.0
382	15193	165.0
383	15202	165.0
383	15211	165.0
383	15218	165.0
383	15227	165.0
383	15236	165.0
383	15241	165.0
383	15253	165.0
384	15263	165.0
384	15272	165.0
384	15280	165.0
384	15289	165.0
384	15298	165.0
384	15306	165.0
385	15315	165.0
385	15325	165.0
385	15333	165.0
385	15343	165.0
385	15352	165.0
385	15360	165.0
386	15370	165.0
386	15379	165.0
386	15388	165.0
386	15397	165.0
386	15407	165.0
386	15415	165.0
387	15424	165.0
387	15434	165.0
387	15442	165.0
387	15452	165.0
387	15461	165.0
387	15470	165.0
388	15481	165.0
388	15481	165.0
388	15496	165.0
388	15501	165.0
388	15514	165.0
388	15523	165.0
389	15532	165.0
389	15541	165.0
389	15551	165.0
389	15560	165.0
389	15569	165.0
389	15578	165.0
390	15587	165.0
390	15595	165.0
390	15606	165.0
390	15614	165.0
390	15623	165.0
390	15633	165.0
391	15642	165.0
391	15651	165.0
391	15661	165.0
391	15670	165.0
391	15679	165.0
391	15689	165.0
392	15698	165.0
392	15707	165.0
392	15716	165.0
392	15726	165.0
392	15735	165.0
392	15744	165.0
393	15754	165.0
393	15762	165.0
393	15771	166.0
393	15781	166.0
393	15790	166.0
393	15800	166.0
394	15810	166.0
394	15819	166.0
394	15829	166.0
394	15838	166.0
394	15847	166.0
395	15857	166.0
395	15866	166.0
395	15873	166.0
395	15880	166.0
395	15890	166.0
395	15901	166.0
396	15912	166.0
396	15921	166.0
396	15931	166.0
396	15941	166.0
396	15950	166.0
396	15960	166.0
397	15970	166.0
397	15980	166.0
397	15990	166.0
397	16000	166.0
397	16009	166.0
397	16018	166.0
398	16028	166.0
398	16037	166.0
398	16047	166.0
398	16056	166.0
398	16065	166.0
398	16075	166.0
398	16085	166.0
399	16092	166.0
399	16102	166.0
399	16114	166.0
399	16123	166.0
399	16133	166.0
400	16144	166.0
400	16154	166.0
400	16164	166.0
400	16173	166.0
400	16183	166.0
400	16193	166.0
401	16204	166.0
401	16213	166.0
401	16223	166.0
401	16234	166.0
401	16243	166.0
401	16254	166.0
402	16264	166.0
402	16273	166.0
402	16283	166.0
402	16293	166.0
402	16303	166.0
402	16313	166.0
403	16323	166.0
403	16332	166.0
403	16342	166.0
403	16352	166.0
403	16362	166.0
403	16372	166.0
404	16382	166.0
404	16390	166.0
404	16400	166.0
404	16410	166.0
404	16420	166.0
404	16430	166.0
404	16438	166.0
405	16449	166.0
405	16459	166.0
405	16468	166.0
405	16479	166.0
405	16489	166.0
405	16498	166.0
406	16509	166.0
406	16519	166.0
406	16528	166.0
406	16539	166.0
406	16549	166.0
406	16559	166.0
407	16569	166.0
407	16579	166.0
407	16589	166.0
407	16599	166.0
407	16610	166.0
407	16619	166.0
408	16629	166.0
408	16640	166.0
408	16649	166.0
408	16660	166.0
408	16670	166.0
408	16680	166.0
409	16690	166.0
409	16701	166.0
409	16710	166.0
409	16721	166.0
409	16731	166.0
409	16741	166.0
410	16752	166.0
410	16762	166.0
410	16772	166.0
410	16783	166.0
410	16794	166.0
410	16804	166.0
411	16815	166.0
411	16825	166.0
411	16835	166.0
411	16846	166.0
411	16856	166.0
411	16866	166.0
412	16871	166.0
412	16887	166.0
412	16898	166.0
412	16909	166.0
412	16920	166.0
412	16931	166.0
413	16941	166.0
413	16951	166.0
413	16963	166.0
413	16974	166.0
413	16985	166.0
414	16995	166.0
414	17006	166.0
414	17017	166.0
414	17028	166.0
414	17039	166.0
414	17049	166.0
415	17061	166.0
415	17072	166.0
415	17082	166.0
415	17093	166.0
415	17103	166.0
415	17114	166.0
415	17125	166.0
416	17136	166.0
416	17147	166.0
416	17157	166.0
416	17167	166.0
416	17178	166.0
417	17189	166.0
417	17201	166.0
417	17212	166.0
417	17224	166.0
417	17234	166.0
417	17245	166.0
418	17255	166.0
418	17263	166.0
418	17275	166.0
418	17288	166.0
418	17298	166.0
418	17311	166.0
419	17322	166.0
419	17332	166.0
419	17344	166.0
419	17355	166.0
419	17366	166.0
419	17377	166.0
420	17388	166.0
420	17399	166.0
420	17411	166.0
420	17423	166.0
420	17433	166.0
420	17444	166.0
421	17456	166.0
421	17467	166.0
421	17479	166.0
421	17489	166.0
421	17501	166.0
421	17511	166.0
421	17522	166.0
422	17533	166.0
422	17544	166.0
422	17554	166.0
422	17566	166.0
422	17577	166.0
422	17588	166.0
423	17600	166.0
423	17612	166.0
423	17623	166.0
423	17635	166.0
423	17647	166.0
423	17658	166.0
424	17669	166.0
424	17681	166.0
424	17692	166.0
424	17704	166.0
424	17716	166.0
424	17726	166.0
425	17738	166.0
425	17750	166.0
425	17761	166.0
425	17772	166.0
425	17784	166.0
425	17795	167.0
426	17807	167.0
426	17819	167.0
426	17830	167.0
426	17842	167.0
426	17854	167.0
426	17864	167.0
427	17876	167.0
427	17888	167.0
427	17899	167.0
427	17910	167.0
427	17920	167.0
427	17931	167.0
428	17943	167.0
428	17955	167.0
428	17966	167.0
428	17979	167.0
428	17990	167.0
428	18002	167.0
429	18014	167.0
429	18025	167.0
429	18037	167.0
429	18049	167.0
429	18060	167.0
430	18072	167.0
430	18085	167.0
430	18096	167.0
430	18109	167.0
430	18121	167.0
430	18133	167.0
430	18145	167.0
431	18156	167.0
431	18161	167.0
431	18180	167.0
431	18193	167.0
431	18205	167.0
432	18218	167.0
432	18230	167.0
432	18241	167.0
432	18254	167.0
432	18266	167.0
432	18276	167.0
433	18288	167.0
433	18301	167.0
433	18313	167.0
433	18325	167.0
433	18338	167.0
433	18349	167.0
434	18362	167.0
434	18375	167.0
434	18386	167.0
434	18398	167.0
434	18411	167.0
434	18422	167.0
435	18435	167.0
435	18448	167.0
435	18459	167.0
435	18472	167.0
435	18486	167.0
435	18497	167.0
436	18510	167.0
436	18522	167.0
436	18533	167.0
436	18545	167.0
436	18551	167.0
436	18570	167.0
437	18582	167.0
437	18594	167.0
437	18606	167.0
437	18619	167.0
437	18631	167.0
437	18643	167.0
438	18656	167.0
438	18668	167.0
438	18680	167.0
438	18693	167.0
438	18705	167.0
438	18718	167.0
439	18730	167.0
439	18742	167.0
439	18756	167.0
439	18768	167.0
439	18778	167.0
439	18791	167.0
440	18804	167.0
440	18816	167.0
440	18829	167.0
440	18842	167.0
440	18854	167.0
440	18867	167.0
441	18880	167.0
441	18892	167.0
441	18905	167.0
441	18918	167.0
441	18930	167.0
441	18943	167.0
442	18956	167.0
442	18968	167.0
442	18981	167.0
442	18994	167.0
442	19006	167.0
442	19019	166.0
443	19032	166.0
443	19044	166.0
443	19057	166.0
443	19070	166.0
443	19082	166.0
443	19095	166.0
444	19109	166.0
444	19121	166.0
444	19133	166.0
444	19146	166.0
444	19158	166.0
444	19172	166.0
445	19185	166.0
445	19198	166.0
445	19210	166.0
445	19222	166.0
445	19235	166.0
445	19247	166.0
446	19260	166.0
446	19273	166.0
446	19287	166.0
446	19299	166.0
446	19312	166.0
446	19326	166.0
446	19338	166.0
447	19351	166.0
447	19365	166.0
447	19377	166.0
447	19391	166.0
447	19404	166.0
448	19416	166.0
448	19430	166.0
448	19443	166.0
448	19456	166.0
448	19469	166.0
448	19482	166.0
448	19495	166.0
449	19509	166.0
449	19523	166.0
449	19535	166.0
449	19549	166.0
449	19559	166.0
450	19573	166.0
450	19586	166.0
450	19599	166.0
450	19614	166.0
450	19628	166.0
450	19641	166.0
451	19655	166.0
451	19669	166.0
451	19682	166.0
451	19694	166.0
451	19705	166.0
451	19719	166.0
452	19734	166.0
452	19747	166.0
452	19761	166.0
452	19775	166.0
452	19788	166.0
452	19803	166.0
453	19818	166.0
453	19831	166.0
453	19844	166.0
453	19858	166.0
453	19870	166.0
453	19885	166.0
454	19900	166.0
454	19913	166.0
454	19928	166.0
454	19942	166.0
454	19955	166.0
454	19969	166.0
455	19984	166.0
455	19997	166.0
455	20011	166.0
455	20025	166.0
455	20038	166.0
455	20052	166.0
456	20067	166.0
456	20080	166.0
456	20094	166.0
456	20108	166.0
456	20121	166.0
456	20136	166.0
457	20150	166.0
457	20163	166.0
457	20177	166.0
457	20192	166.0
457	20205	166.0
457	20219	166.0
458	20234	166.0
458	20247	166.0
458	20261	166.0
458	20276	166.0
458	20289	166.0
458	20304	166.0
459	20318	166.0
459	20331	166.0
459	20346	166.0
459	20360	166.0
459	20374	166.0
459	20388	166.0
460	20403	166.0
460	20416	166.0
460	20430	166.0
460	20446	166.0
460	20458	166.0
460	20473	166.0
461	20487	166.0
461	20501	166.0
461	20516	166.0
461	20531	166.0
461	20544	166.0
461	20559	166.0
462	20574	166.0
462	20588	166.0
462	20603	166.0
462	20618	166.0
462	20631	166.0
462	20646	166.0
463	20661	166.0
463	20675	166.0
463	20690	166.0
463	20705	166.0
463	20718	166.0
463	20733	166.0
464	20748	166.0
464	20762	166.0
464	20777	166.0
464	20792	166.0
464	20806	166.0
464	20821	166.0
465	20841	166.0
465	20853	166.0
465	20867	166.0
465	20879	166.0
465	20894	166.0
465	20909	166.0
465	20922	166.0
466	20937	166.0
466	20952	166.0
466	20966	166.0
466	20980	166.0
466	20995	166.0
466	21010	166.0
467	21025	166.0
467	21041	166.0
467	21054	166.0
467	21069	166.0
467	21085	166.0
467	21099	166.0
468	21115	166.0
468	21130	166.0
468	21145	166.0
468	21160	166.0
468	21176	166.0
468	21190	166.0
469	21205	166.0
469	21221	166.0
469	21235	166.0
469	21251	166.0
469	21266	166.0
469	21281	166.0
470	21291	166.0
470	21312	166.0
470	21326	166.0
470	21342	166.0
470	21358	166.0
470	21372	166.0
471	21388	166.0
471	21402	166.0
471	21419	166.0
471	21435	166.0
471	21450	166.0
471	21466	166.0
472	21482	166.0
472	21496	166.0
472	21513	166.0
472	21529	166.0
472	21543	166.0
473	21558	166.0
473	21575	166.0
473	21590	166.0
473	21607	166.0
473	21622	166.0
473	21637	166.0
473	21652	166.0
474	21669	166.0
474	21684	166.0
474	21701	166.0
474	21716	166.0
474	21731	166.0
474	21749	166.0
475	21766	166.0
475	21780	166.0
475	21797	166.0
475	21813	166.0
475	21828	166.0
476	21845	166.0
476	21862	166.0
476	21876	166.0
476	21893	166.0
476	21910	166.0
476	21925	166.0
477	21942	166.0
477	21969	166.0
477	21974	166.0
477	21990	166.0
477	22007	166.0
477	22022	166.0
478	22089	166.0
478	22055	166.0
478	22071	166.0
478	22088	166.0
478	22103	166.0
478	22118	166.0
479	22135	166.0
479	22152	166.0
479	22167	166.0
479	22184	166.0
479	22201	166.0
479	22217	166.0
480	22234	166.0
480	22248	166.0
480	22265	166.0
480	22281	166.0
480	22297	166.0
480	22314	166.0
481	22330	166.0
481	22346	166.0
481	22363	166.0
481	22380	166.0
481	22395	166.0
481	22412	166.0
482	22429	166.0
482	22445	166.0
482	22462	166.0
482	22480	166.0
482	22496	166.0
482	22510	166.0
482	22526	166.0
483	22543	166.0
483	22560	166.0
483	22576	166.0
483	22598	166.0
483	22611	165.0
483	22627	165.0
484	22644	165.0
484	22662	165.0
484	22678	165.0
484	22695	165.0
484	22713	165.0
484	22729	165.0
485	22746	165.0
485	22764	165.0
485	22780	165.0
485	22791	165.0
485	22815	165.0
485	22831	165.0
486	22848	165.0
486	22864	165.0
486	22881	165.0
486	22898	165.0
486	22914	165.0
486	22932	165.0
487	22960	165.0
487	22966	165.0
487	22984	165.0
487	23002	165.0
487	23018	165.0
487	23036	165.0
488	23064	165.0
488	23070	165.0
488	23087	165.0
488	23105	165.0
488	23122	165.0
488	23140	165.0
489	23159	165.0
489	23177	165.0
489	23196	165.0
489	23213	165.0
489	23230	165.0
489	23248	165.0
490	23265	165.0
490	23283	165.0
490	23304	165.0
490	23322	165.0
490	23339	165.0
490	23358	165.0
491	23376	165.0
491	23393	165.0
491	23412	165.0
491	23430	165.0
491	23447	165.0
491	23466	165.0
492	23486	165.0
492	23503	165.0
492	23523	165.0
492	23540	165.0
492	23557	165.0
492	23575	165.0
493	23595	165.0
493	23612	165.0
493	23632	165.0
493	23651	165.0
493	23668	165.0
494	23688	165.0
494	23707	165.0
494	23725	165.0
494	23744	165.0
494	23763	165.0
494	23779	165.0
494	23799	165.0
495	23818	165.0
495	23834	165.0
495	23854	165.0
495	23874	165.0
495	23891	165.0
495	23911	165.0
496	23929	165.0
496	23947	165.0
496	23966	165.0
496	23983	165.0
496	24002	165.0
497	24021	165.0
497	24039	165.0
497	24058	165.0
497	24077	165.0
497	24095	165.0
497	24115	165.0
498	24134	165.0
498	24152	165.0
498	24170	165.0
498	24189	165.0
498	24208	165.0
498	24228	165.0
499	24248	165.0
499	24266	165.0
499	24285	165.0
499	24305	165.0
499	24323	165.0
499	24343	165.0
500	24363	165.0
500	24381	165.0
500	24401	165.0
500	24421	165.0
500	24439	165.0
500	24459	165.0
501	24479	165.0
501	24498	165.0
501	24518	165.0
501	24538	165.0
501	24566	165.0
501	24576	165.0
502	24597	165.0
502	24615	165.0
502	24635	165.0
502	24665	165.0
502	24674	165.0
502	24693	165.0
503	24713	165.0
503	24732	165.0
503	24753	165.0
503	24773	165.0
503	24792	165.0
503	24813	165.0
504	24834	165.0
504	24853	165.0
504	24873	165.0
504	24894	165.0
504	24912	165.0
504	24932	165.0
504	24949	165.0
505	24968	165.0
505	24989	165.0
505	25008	165.0
505	25029	165.0
505	25050	165.0
505	25069	165.0
506	25090	165.0
506	25111	165.0
506	25130	165.0
506	25152	165.0
506	25172	165.0
506	25192	165.0
507	25213	165.0
507	25234	165.0
507	25253	165.0
507	25274	165.0
507	25295	165.0
507	25315	165.0
508	25336	165.0
508	25368	165.0
508	25378	165.0
508	25400	165.0
508	25422	165.0
508	25441	165.0
509	25463	165.0
509	25485	165.0
509	25505	165.0
509	25526	165.0
509	25549	165.0
509	25568	165.0
510	25590	165.0
510	25611	165.0
510	25632	165.0
510	25663	165.0
510	25676	165.0
510	25696	165.0
511	25718	165.0
511	25740	165.0
511	25762	165.0
511	25782	165.0
511	25805	165.0
512	25825	165.0
512	25847	165.0
512	25869	165.0
512	25889	165.0
512	25910	165.0
512	25930	165.0
512	25953	165.0
513	25977	165.0
513	25996	165.0
513	26019	165.0
513	26041	165.0
513	26062	165.0
513	26085	164.0
514	26108	164.0
514	26128	164.0
514	26161	164.0
514	26174	164.0
514	26195	164.0
514	26219	164.0
515	26242	164.0
515	26261	164.0
515	26284	164.0
515	26308	164.0
515	26329	164.0
516	26352	164.0
516	26370	164.0
516	26393	164.0
516	26416	164.0
516	26437	164.0
516	26461	164.0
517	26484	164.0
517	26505	164.0
517	26529	164.0
517	26552	164.0
517	26573	164.0
517	26597	164.0
518	26620	164.0
518	26640	164.0
518	26658	164.0
518	26672	164.0
518	26681	164.0
518	26689	164.0
519	26695	164.0
519	26699	164.0
519	26703	164.0
519	26705	164.0
519	26707	164.0
519	26709	164.0
520	26710	164.0
520	26711	164.0
520	26712	164.0
520	26713	164.0
520	26713	164.0
520	26714	164.0
520	26714	164.0
521	26714	164.0
521	26714	164.0
521	26715	164.0
521	26715	164.0
521	26715	164.0
521	26715	164.0
522	26715	164.0
522	26715	164.0
522	26715	164.0
522	26715	164.0
522	26715	164.0
522	26715	164.0
523	26715	164.0
523	26715	164.0
523	26715	164.0
523	26715	164.0
523	26715	164.0
523	26715	164.0
524	26715	164.0
524	26715	164.0
524	26715	164.0
524	26715	164.0
524	26715	164.0
524	26715	164.0
525	26715	164.0
525	26715	164.0
525	26715	164.0
525	26715	164.0
525	26715	164.0
525	26715	164.0
526	26715	164.0
526	26715	164.0
526	26715	164.0
526	26715	164.0
526	26715	164.0
526	26715	164.0
527	26715	164.0
527	26715	164.0
527	26715	164.0
527	26715	164.0
527	26715	164.0
527	26715	164.0
528	26715	164.0
528	26715	164.0
528	26715	164.0
528	26715	164.0
528	26715	164.0
528	26715	164.0
529	26715	164.0
529	26715	164.0
529	26715	164.0
529	26715	164.0
529	26715	164.0
529	26715	164.0
530	26715	164.0
530	26715	164.0
530	26715	164.0
530	26715	164.0
530	26715	164.0
530	26715	164.0
531	26715	164.0
531	26715	164.0
531	26715	164.0
531	26715	164.0
531	26715	164.0
531	26715	164.0
532	26715	164.0
532	26715	164.0
532	26715	164.0
532	26715	164.0
532	26715	164.0
532	26715	164.0
533	26715	164.0
533	26715	164.0
533	26715	164.0
533	26715	164.0
533	26715	164.0
533	26715	164.0
534	26715	164.0
534	26715	164.0
534	26715	164.0
534	26715	164.0
534	26715	164.0
534	26715	164.0
535	26715	164.0
535	26715	164.0
535	26715	164.0
535	26715	164.0
535	26715	164.0
535	26715	164.0
536	26715	164.0
536	26715	164.0
536	26715	164.0
536	26715	164.0
536	26715	164.0
536	26715	164.0
537	26715	164.0
537	26715	164.0
537	26715	164.0
537	26715	164.0
537	26715	164.0
537	26715	164.0
538	26715	164.0
538	26715	164.0
538	26715	164.0
538	26715	164.0
538	26715	164.0
538	26715	164.0
539	26715	164.0
539	26715	164.0
539	26715	164.0
539	26715	164.0
539	26715	164.0
540	26715	164.0
540	26715	164.0
